A = [ 00000  02405 -00328  00157  02612  00086 -03449  30308 -03441  30308  22932  22621 -01024  00040 -03449  30308;
 00328  00157  00000  03374  00000  00000  00036  00000  01280  30318  00000  00000  01280  30318  00036  00000;
-01028  00040 -03543  30308  02624  00086 -00964  00040  16689  30309  00001  00000  16645  30309  24152  22621;
 00001  00000  10528  30318  00000  00000 -00888  00040  00001  00000 -01012  00040 -00002 -00001 -00888  00040;
 00000  00000  15120  30318  00000  00000 -08192  32509  00000  00000 -00944  00040 -23486  30308  01216  30318;
-00932  00040 -03259  30308  00017  00000 -00872  00040  16817  30309  10528  30318  16773  30309  24316  22621;
 00000  00000  00000  00000 -08192  32509  00000  00000 -00916  00040 -28948  30315 -00060  00040 -29483  30310;
-07188  11792 -00002 -00001  16773  30309  07765  00064  10528  30318  00000  00000  00000  00000  00000  00000;
];

A = A(:,1:2:end) + sqrt(-1) * A(:,2:2:end);
A = A / 2^15;

X = [ 02084 -16342  10117 -10049  00000  00000  00000  00000  00000  00000  00000  00000  00000  00000  00000  00000;
-00659  02786  12975 -04905  00000  00000  00000  00000  00000  00000  00000  00000  00000  00000  00000  00000;
 08081  10579  11762 -10678  00000  00000  00000  00000  00000  00000  00000  00000  00000  00000  00000  00000;
 00444  06898 -15892 -06422  00000  00000  00000  00000  00000  00000  00000  00000  00000  00000  00000  00000;
-04441 -13388 -10947 -11556  00000  00000  00000  00000  00000  00000  00000  00000  00000  00000  00000  00000;
-01779  16008 -16230 -12481  00000  00000  00000  00000  00000  00000  00000  00000  00000  00000  00000  00000;
-04001 -16091  02333  01038  00000  00000  00000  00000  00000  00000  00000  00000  00000  00000  00000  00000;
 03512  03335  05343 -10936  00000  00000  00000  00000  00000  00000  00000  00000  00000  00000  00000  00000;
];

X = X(:,1:2:end) + sqrt(-1) * X(:,2:2:end);
X = X / 2^15;

I = [ -00112  01472  00000  00016;
-26962 -12736  00000  00014;
];

I = I(:,1:2:end) + sqrt(-1) * I(:,2:2:end);
I = I / 2^15;

